camera_matrix:
- - 971.5552543270877
  - 0.0
  - 650.585909505897
- - 0.0
  - 973.5099896458551
  - 335.15844447606645
- - 0.0
  - 0.0
  - 1.0
dist_coefs:
- - 0.06132306811939838
  - -0.22291193861516526
  - -0.0025036344091349133
  - 0.0017282332159370673
  - 0.2860177952439796
rms: 0.25108656421099723
