camera_matrix:
- - 1465.8353264268728
  - 0.0
  - 968.5450920765186
- - 0.0
  - 1463.3325702043926
  - 517.6314915137372
- - 0.0
  - 0.0
  - 1.0
dist_coefs:
- - 0.06654069472772514
  - -0.21486614637739018
  - -0.0026798725858025135
  - -0.0017769727904758908
  - 0.16662489191215285
rms: 0.4230247931174485
