camera_matrix:
- - 773.324252696736
  - 0.0
  - 631.8150607615727
- - 0.0
  - 772.7344527851752
  - 356.6175574261782
- - 0.0
  - 0.0
  - 1.0
dist_coefs:
- - 0.08741963444389793
  - -0.2157676520564515
  - -0.000753288271159536
  - 0.0005052247596232423
  - 0.09204359667183042
rms: 0.29179465094761736
