camera_matrix:
- - 1028.3013815107245
  - 0.0
  - 652.5411181832442
- - 0.0
  - 1031.7775150240882
  - 360.59847185226874
- - 0.0
  - 0.0
  - 1.0
dist_coefs:
- - -0.3613204261981192
  - 0.0623581447711523
  - 3.1514815100998786e-06
  - 0.001377441753622354
  - 0.06861874837706798
rms: 0.32763619750884304
