camera_matrix:
- - 1403.259680041861
  - 0.0
  - 1012.8369840955128
- - 0.0
  - 1413.1273188946118
  - 551.3022462670667
- - 0.0
  - 0.0
  - 1.0
dist_coefs:
- - -0.3634309309501017
  - 0.1369255562954715
  - 1.439224301378674e-05
  - -0.0013131082795069277
  - -0.025781249176620984
rms: 0.9149543855909994
